Date,Open,High,Low,Close,Volume,Adj Close
2016-07-01,2.34,4.19,2.07,2.88,221700,2.88
2016-06-01,2.03,4.00,1.72,2.46,30500,2.46
2016-05-02,3.23,3.23,1.46,1.93,3800,1.93
2016-04-01,3.11,3.43,3.01,3.23,800,3.23
2016-03-01,3.15,3.50,2.82,3.15,1100,3.15
2016-02-01,3.69,3.74,3.10,3.15,1200,3.15
2016-01-04,2.93,3.87,2.65,3.60,8000,3.60
2015-12-01,3.30,4.19,2.76,2.89,5200,2.89
2015-11-02,2.59,3.62,2.35,3.48,4200,3.48
2015-10-01,2.60,2.79,2.44,2.62,1800,2.62
2015-09-01,2.50,2.60,2.27,2.60,900,2.60
2015-08-03,2.72,2.72,2.35,2.50,1200,2.50
2015-07-01,2.60,3.00,2.32,2.72,5700,2.72
2015-06-01,2.50,2.90,2.45,2.72,1800,2.72
2015-05-01,2.92,2.97,2.42,2.53,3400,2.53
2015-04-01,2.92,3.75,2.66,2.95,8600,2.95
2015-03-02,2.85,4.41,2.53,2.91,18000,2.91
2015-02-02,2.35,3.09,2.04,2.80,2200,2.80
2015-01-02,2.57,2.85,2.04,2.31,1800,2.31
2014-12-01,3.60,3.80,2.56,2.57,5300,2.57
2014-11-03,3.42,3.96,3.15,3.63,3800,3.63
2014-10-01,3.80,3.99,3.12,3.42,2300,3.42
2014-09-02,4.46,5.25,3.76,3.99,11000,3.99
2014-08-01,4.40,4.69,4.12,4.57,12200,4.57
2014-07-01,4.11,6.05,3.99,4.29,77400,4.29
2014-06-02,3.99,5.60,3.96,4.15,20200,4.15
2014-05-01,4.03,4.35,3.90,4.01,3900,4.01
2014-04-01,4.47,4.65,3.88,4.21,7700,4.21
2014-03-03,5.47,5.70,4.45,4.60,12400,4.60
2014-02-03,4.72,6.24,4.28,5.47,51700,5.47
2014-01-02,4.82,5.38,4.03,4.60,36800,4.60
2013-12-02,3.36,6.75,3.36,5.11,96100,5.11
2013-11-01,3.42,3.85,3.23,3.35,2800,3.35
2013-10-01,3.29,4.91,3.12,3.59,16400,3.59
2013-09-03,3.71,4.87,2.92,3.10,24000,3.10
2013-08-01,2.60,5.60,2.59,3.47,23600,3.47
2013-07-01,2.74,2.74,2.47,2.50,500,2.50
2013-06-03,2.86,2.86,2.64,2.74,700,2.74
2013-05-01,2.84,3.30,2.52,2.86,4600,2.86
2013-04-01,2.79,3.00,2.40,2.84,1500,2.84
2013-03-01,2.82,3.36,2.64,3.04,2900,3.04
2013-02-01,3.29,3.29,2.62,2.83,600,2.83
2013-01-02,3.66,3.75,2.68,3.29,3700,3.29
2012-12-03,3.85,3.99,3.52,3.70,2100,3.70
2012-11-01,3.15,3.85,2.75,3.79,6500,3.79
2012-10-01,3.63,5.42,3.12,3.18,16100,3.18
2012-09-04,3.60,4.00,3.25,3.89,4200,3.89
2012-08-01,3.82,3.87,2.93,3.60,700,3.60
2012-07-02,4.10,4.10,3.51,3.82,400,3.82
2012-06-01,4.10,4.10,3.62,3.98,900,3.98
2012-05-01,4.14,4.50,3.65,4.07,2200,4.07
2012-04-02,4.12,5.17,3.75,4.40,10100,4.40
2012-03-01,3.36,4.95,2.57,4.10,9700,4.10
2012-02-01,4.37,4.62,3.45,3.48,3100,3.48
2012-01-03,0.490005,6.30,0.360004,4.43,15000,4.43
2011-12-01,0.580006,0.630006,0.390004,0.460005,1700,2.530025
2011-11-01,0.600006,0.620006,0.500005,0.590006,1600,3.245032
2011-10-03,0.590006,0.640006,0.550006,0.590006,800,3.245032
2011-09-01,0.99001,0.99001,0.510005,0.610006,2100,3.355034
2011-08-01,1.01001,1.090011,0.810008,0.97001,1000,5.335053
2011-07-01,0.820008,1.150012,0.800008,1.01001,1900,5.555056
2011-06-01,1.120011,1.160012,0.780008,0.860009,2300,4.730047
2011-05-02,1.250013,1.250013,1.03001,1.120011,2000,6.160062
2011-04-01,1.360014,1.500015,1.190012,1.270013,3100,6.98507
2011-03-01,1.290013,1.660017,1.190012,1.420014,8100,7.810078
2011-02-01,1.360014,1.480015,1.210012,1.340013,1800,7.370074
2011-01-03,1.230012,1.550015,1.130011,1.370014,11900,7.535075
2010-12-01,1.340013,1.370014,1.00001,1.240012,6300,6.820068
2010-11-01,1.360014,1.560016,1.250013,1.340013,4600,7.370074
2010-10-01,1.500015,1.900019,1.230012,1.320013,7300,7.260073
2010-09-01,1.520015,1.590016,1.400014,1.510015,1100,8.305083
2010-08-02,1.650017,1.720017,1.410014,1.510015,1700,8.305083
2010-07-01,1.400014,1.650017,1.100011,1.650017,3100,9.07509
2010-06-01,1.630016,1.740017,1.380014,1.450014,2700,7.97508
2010-05-03,1.940019,1.940019,1.500015,1.610016,6700,8.855088
2010-04-01,2.01002,2.570026,1.920019,1.940019,12700,10.670107
2010-03-01,2.090021,2.380024,1.97002,2.01002,12400,11.055111
2010-02-01,1.790018,2.350024,1.750018,2.060021,15800,11.330113
2010-01-04,2.250023,2.680027,1.800018,1.800018,21600,9.900099
2009-12-01,3.540035,4.220042,2.100021,2.130021,94100,11.715117
2009-11-02,1.800018,3.720037,1.720017,3.420034,85600,18.810188
2009-10-01,1.580016,3.190032,1.360014,1.800018,70700,9.900099
2009-09-01,1.120011,1.690017,1.050011,1.550015,11300,8.525085
2009-08-03,1.250013,1.390014,1.04001,1.100011,3400,6.050061
2009-07-01,1.060011,1.430014,0.810008,1.230012,5500,6.765068
2009-06-01,1.00001,1.760018,0.96001,1.090011,16100,5.99506
2009-05-01,1.02001,1.130011,0.830008,1.03001,2400,5.665057
2009-04-01,0.640006,1.100011,0.640006,0.99001,4300,5.445055
2009-03-02,0.600006,0.740007,0.400004,0.680007,2900,3.740037
2009-02-02,0.830008,0.830008,0.410004,0.580006,3100,3.190032
2009-01-02,0.880009,1.090011,0.750008,0.820008,3800,4.510046
2008-12-01,1.090011,1.090011,0.830008,0.870009,1800,4.785048
2008-11-03,1.090011,1.290013,0.660007,1.080011,3400,5.94006
2008-10-01,1.300013,1.460015,0.900009,1.070011,2500,5.885059
2008-09-02,2.01002,2.140022,1.130011,1.390014,4900,7.645077
2008-08-01,1.880019,2.300023,1.850019,2.01002,3700,11.055111
2008-07-01,1.900019,1.98002,1.640017,1.900019,2800,10.450105
2008-06-02,2.660027,2.660027,1.700017,1.900019,7000,10.450105
2008-05-01,2.370024,3.150032,2.300023,2.570026,8600,14.135142
2008-04-01,2.170022,2.620026,2.160022,2.440024,3500,13.420135
2008-03-03,2.340024,2.460025,1.930019,2.240022,3500,12.320124
2008-02-01,2.500025,2.720027,2.230022,2.340024,5500,12.870129
2008-01-02,2.810028,3.04003,2.300023,2.510025,12400,13.805139
2007-12-03,2.600026,3.450035,2.410024,2.860029,21700,15.730157
2007-11-01,3.99004,4.020041,2.210022,2.530025,16000,13.915139
2007-10-01,3.460035,5.140052,3.350034,3.98004,102100,21.890219
2007-09-04,2.700027,3.97004,2.480025,3.430034,54000,18.865189
2007-08-01,1.940019,2.930029,1.810018,2.700027,10900,14.850149
2007-07-02,2.350024,2.610026,1.900019,1.97002,10200,10.835109
2007-06-01,2.750028,3.080031,2.180022,2.370024,21700,13.035131
2007-05-01,2.97003,3.190032,2.600026,2.730027,21000,15.015151
2007-04-02,2.700027,3.700037,2.650027,2.95003,41600,16.225163
2007-03-01,2.810028,3.170032,2.450025,2.650027,21200,14.575146
2007-02-01,3.160032,3.450035,2.700027,2.790028,31600,15.345154
2007-01-03,3.790038,4.520045,3.140032,3.180032,69700,17.490175
2006-12-01,3.540035,5.740057,3.120031,3.780038,146100,20.790209
2006-11-01,2.510025,4.750048,2.200022,3.450035,130800,18.975191
2006-10-02,1.97002,2.860029,1.940019,2.510025,13900,13.805139
2006-09-01,2.02002,2.04002,1.680017,1.97002,3500,10.835109
2006-08-01,2.200022,2.200022,1.900019,2.03002,2500,11.165112
2006-07-03,2.98003,2.98003,1.830018,2.070021,17300,11.385115
2006-06-01,3.300033,3.880039,2.850029,2.98003,17700,16.390163
2006-05-01,3.350034,3.460035,3.250033,3.300033,7300,18.150181
2006-04-03,3.450035,3.740037,3.300033,3.360034,13300,18.480185
2006-03-01,3.670037,4.240043,3.340034,3.450035,36600,18.975191
2006-02-01,3.220032,4.440044,3.200032,3.680037,58200,20.240202
2006-01-03,3.070031,3.600036,3.02003,3.200032,16700,17.600178
2005-12-01,3.710037,3.800038,3.05003,3.080031,15000,16.94017
2005-11-01,3.280033,4.850049,3.060031,3.680037,57300,20.240202
2005-10-03,3.710037,3.890039,3.110031,3.270033,5900,17.985182
2005-09-01,3.890039,4.640047,3.720037,3.720037,14100,20.460205
2005-08-01,3.720037,5.690057,3.550035,3.890039,40100,21.395214
2005-07-01,4.460045,6.590066,3.300033,3.720037,90800,20.460205
2005-06-01,3.200032,4.900049,2.96003,4.380044,30000,24.090242
2005-05-02,2.940029,3.230032,2.700027,3.200032,4100,17.600178
2005-04-01,3.230032,3.710037,2.730027,2.750028,8900,15.125152
2005-03-01,3.03003,4.380044,3.00003,3.220032,32000,17.710176
2005-02-01,3.480035,3.870039,3.00003,3.150032,11500,17.325174
2005-01-03,4.420044,4.680047,3.280033,3.400034,24600,18.700188
2004-12-01,3.230032,6.940069,2.900029,4.310043,125100,23.705238
2004-11-01,2.400024,5.400054,2.360023,3.350034,47500,18.425184
2004-10-01,2.430024,3.250033,2.380024,2.500025,6000,13.750138
2004-09-01,2.490025,4.120041,2.340024,2.490025,14000,13.695137
2004-08-02,3.760038,4.050041,2.070021,2.520025,10200,13.860139
2004-07-01,6.400064,8.170083,3.560035,4.02004,64900,14.740147
2004-06-01,3.690037,8.730086,2.550025,6.350063,173600,23.283564
2004-05-03,4.010039,4.540046,3.250033,3.690037,5400,13.530135
2004-04-01,5.220052,8.100081,3.850039,4.07004,75700,14.923479
2004-03-01,1.740017,10.99011,1.700016,4.770048,109000,17.490173
2004-02-02,2.200023,2.200023,1.400013,1.700016,800,6.233392
2004-01-02,1.910018,2.380025,1.780019,2.140022,1700,7.846748
2003-12-01,1.620016,2.100021,1.470015,1.890019,700,6.930069
2003-11-03,1.590016,1.700016,1.400013,1.620016,200,5.940059
2003-10-01,1.780019,2.050021,1.400013,1.570017,600,5.756727
2003-09-02,2.860015,3.020013,1.760017,1.760017,1800,6.453394
2003-08-01,2.820012,3.350016,2.050011,3.000013,2500,7.857177
2003-07-01,1.300005,5.200026,1.100004,2.690013,8500,7.045273
2003-06-02,1.310005,1.440007,1.080005,1.300005,100,3.404776
2003-05-01,1.220006,1.780007,1.060005,1.340005,1000,3.509537
2003-04-01,1.200007,1.410008,1.060005,1.220006,500,3.195255
2003-03-03,1.330005,1.83001,0.930003,1.200007,500,3.142875
2003-02-03,1.180007,1.360005,1.120004,1.330005,300,3.483346
2003-01-02,1.000006,2.200009,0.910003,1.190007,1000,3.116685
